<?xml version="1.0" encoding="UTF-8"?>
<svg width="72px" height="72px" viewBox="0 0 72 72" version="1.1" xmlns="http://www.w3.org/2000/svg" xmlns:xlink="http://www.w3.org/1999/xlink">
    <!-- Generator: Sketch 46.1 (44463) - http://www.bohemiancoding.com/sketch -->
    <title>Apple TV logo</title>
    <desc>Created with Sketch.</desc>
    <defs></defs>
    <g id="Symbols" stroke="none" stroke-width="1" fill="none" fill-rule="evenodd">
        <g id="Apple-TV-logo">
            <g id="apple-tv-vector">
                <polygon id="Path" fill="#FFFFFF" points="52.7251068 45.9119855 49.1679123 45.9119855 43.9387397 31.198882 47.3892164 31.198882 51.0334027 42.4988217 51.0884384 42.4988217 54.5967123 31.198882 57.8700493 31.198882"></polygon>
                <path d="M42.3772274,33.6097989 L39.5124164,33.6097989 L39.5124164,41.4614567 C39.5124164,41.8033649 39.532537,42.1048282 39.5617315,42.3480901 C39.5877699,42.5972708 39.6516822,42.8060065 39.7585973,42.9740999 C39.8572274,43.1479147 40.007737,43.269447 40.2018411,43.3564531 C40.4192219,43.4550995 40.6971616,43.4896257 41.0508493,43.4896257 C41.265074,43.4896257 41.4879781,43.4841015 41.7140384,43.4722639 C41.9371397,43.4667397 42.1543233,43.4373431 42.3772274,43.3797337 L42.3772274,45.8829835 C42.0296548,45.9236258 41.688,45.9526278 41.3463452,45.9987943 C41.0216548,46.0279936 40.6770411,46.0451581 40.3263123,46.0451581 C39.4920986,46.0451581 38.8200329,45.9642681 38.3043945,45.819258 C37.7974356,45.6454431 37.4005479,45.4079027 37.1082082,45.1007179 C36.8241534,44.7761714 36.6298521,44.3938182 36.5256986,43.91854 C36.4300274,43.4373431 36.375189,42.9103743 36.3430356,42.2960048 L36.3430356,33.6097989 L33.9502685,33.6097989 L33.9502685,31.198882 L36.3430356,31.198882 L36.3430356,26.7951115 L39.5124164,26.7951115 L39.5124164,31.198882 L42.3772274,31.198882 L42.3772274,33.6097989 Z" id="Path" fill="#FFFFFF"></path>
                <path d="M29.0083068,43.9374801 C28.1334575,45.2137666 27.2325699,46.4843317 25.8042082,46.5103743 C24.4022795,46.5364169 23.9501589,45.6774045 22.3482082,45.6774045 C20.7460603,45.6774045 20.2450192,46.4843317 18.9182466,46.5364169 C17.5423562,46.5883049 16.493326,45.158722 15.6129534,43.8883543 C13.8196603,41.2876418 12.4406137,36.5417658 14.2891397,33.340297 C15.207189,31.7495259 16.8410959,30.7411629 18.6170301,30.7139365 C19.9728,30.6904587 21.244537,31.6234559 22.075989,31.6234559 C22.8898849,31.6234559 24.355726,30.5340056 26.0734685,30.6602729 C26.7512548,30.7123582 28.6692164,30.9135968 29.9062356,32.741711 C29.8078027,32.8028717 27.6264986,34.0761988 27.6495781,36.7258399 C27.6756164,39.8941634 30.4246356,40.9488902 30.456789,40.9603332 C30.4305534,41.0368828 30.0163068,42.4640982 29.0083068,43.9374801 L29.0083068,43.9374801 Z" id="Path" fill="#FFFFFF"></path>
                <path d="M71.9708055,17.5985093 C71.9187288,16.0400943 71.8200986,14.4696443 71.5332822,12.9224749 C71.2697425,11.3518277 70.8032219,9.88002411 70.0820384,8.46622458 C69.3636164,7.06386803 68.4366904,5.78304379 67.3211836,4.67051022 C66.2175123,3.56941963 64.9311781,2.63070094 63.5349699,1.91807968 C62.1008877,1.19342358 60.643726,0.72406423 59.0737315,0.451800296 C57.5412164,0.167896093 55.9655014,0.0753658136 54.3982685,0.0347235162 C53.6826082,0.0230832466 52.9527452,0.0175590508 52.2400438,0 L19.7453589,0 C19.0267397,0.0175590508 18.3201534,0.0230832466 17.5926575,0.0347235162 C16.0372603,0.0753658136 14.4643068,0.167896093 12.9027945,0.451800296 C11.3412822,0.72406423 9.88412055,1.19342358 8.45891507,1.91807968 C7.0540274,2.63070094 5.77933151,3.56941963 4.67270137,4.67051022 C3.55423562,5.78304379 2.62750685,7.06386803 1.92052603,8.46622458 C1.18494247,9.88002411 0.72710137,11.3518277 0.451923288,12.9224749 C0.170827397,14.4696443 0.0723945205,16.0400943 0.0378739726,17.5985093 C0.0145972603,18.3231655 0.0116383562,19.0357867 0,19.7543267 L0,52.2456733 C0.0116383562,52.9699348 0.0145972603,53.6829506 0.0378739726,54.4070149 C0.0723945205,55.9717433 0.170827397,57.5417987 0.451923288,59.0891653 C0.72710137,60.6596153 1.18494247,62.1258947 1.92052603,63.5513345 C2.62750685,64.9420507 3.55423562,66.2283992 4.67270137,67.323571 C5.77933151,68.4422206 7.0540274,69.3748233 8.45891507,70.0821176 C9.88412055,70.8121006 11.3412822,71.2755412 12.9027945,71.5539212 C14.4643068,71.8319066 16.0372603,71.9246342 17.5926575,71.970998 C18.3201534,71.9883597 19.0267397,71.9942785 19.7453589,71.9942785 C20.5998904,72 21.4459397,72 22.3032329,72 L49.708011,72 C50.5449863,72 51.3997151,72 52.2400438,71.9942785 C52.9527452,71.9942785 53.6826082,71.9883597 54.3982685,71.970998 C55.9655014,71.9246342 57.5412164,71.8319066 59.0737315,71.5539212 C60.643726,71.2755412 62.1008877,70.8121006 63.5349699,70.0821176 C64.9311781,69.3748233 66.2175123,68.4422206 67.3211836,67.323571 C68.4366904,66.2283992 69.3636164,64.9420507 70.0820384,63.5513345 C70.8032219,62.1258947 71.2697425,60.6596153 71.5332822,59.0891653 C71.8200986,57.5417987 71.9187288,55.9717433 71.9708055,54.4070149 C71.9737644,53.6829506 71.9737644,52.9699348 71.9737644,52.2456733 C72,51.3996821 72,50.5592152 72,49.6903381 L72,22.3096619 C72,21.4522278 72,20.6005152 71.9737644,19.7543267 C71.9737644,19.0357867 71.9737644,18.3231655 71.9708055,17.5985093 Z" id="Fill-1"></path>
                <path d="M23.0723507,26.6674631 C23.8602082,25.7419631 25.1972384,25.0524251 26.2981479,25.0086261 C26.4374137,26.289253 25.9241425,27.5832959 25.1595616,28.5044555 C24.3918247,29.4331123 23.1390247,30.1532307 21.9106849,30.0575437 C21.7382795,28.8 22.3614247,27.4860306 23.0723507,26.6674631 L23.0723507,26.6674631 Z" id="Path" fill="#FFFFFF"></path>
            </g>
        </g>
    </g>
</svg>