<?xml version="1.0" encoding="UTF-8"?>
<svg width="72px" height="72px" viewBox="0 0 72 72" version="1.1" xmlns="http://www.w3.org/2000/svg" xmlns:xlink="http://www.w3.org/1999/xlink">
    <!-- Generator: Sketch 50.2 (55047) - http://www.bohemiancoding.com/sketch -->
    <title>nintendo-switch-MM</title>
    <desc>Created with Sketch.</desc>
    <defs></defs>
    <g id="nintendo-switch-MM" stroke="none" stroke-width="1" fill="none" fill-rule="evenodd">
        <g id="samsung-logo" transform="translate(10.000000, 10.000000)" fill="#FFFFFF" fill-rule="nonzero">
            <g id="nintendo-switch" transform="translate(0.452549, 0.238315)">
                <polygon id="Shape" points="27.1013471 40.2670583 24.7915732 40.2670583 24.7915732 39.3431488 26.8703697 39.3431488 26.8703697 38.6502166 24.7915732 38.6502166 24.7915732 37.8032995 27.1013471 37.8032995 27.1013471 37.0333749 23.9446561 37.0333749 23.9446561 41.036983 27.1013471 41.036983"></polygon>
                <polygon id="Shape" points="15.8604475 48.5052519 14.2436057 43.038787 12.9347338 43.038787 11.3948846 48.5052519 9.93202777 43.038787 8.31518604 43.038787 10.3939826 50.5840484 12.2418017 50.5840484 13.627666 45.6565308 15.0135304 50.5840484 16.784357 50.5840484 18.940146 43.038787 17.3233043 43.038787"></polygon>
                <rect id="Rectangle-path" x="20.7879651" y="43.038787" width="1.69383419" height="7.46826895"></rect>
                <polygon id="Shape" points="21.095935 37.0333749 17.7082666 37.0333749 17.7082666 37.880292 18.940146 37.880292 18.940146 41.036983 19.7870631 41.036983 19.7870631 37.880292 21.095935 37.880292"></polygon>
                <rect id="Rectangle-path" x="7.39127648" y="37.0333749" width="1.00509715" height="4.00360809"></rect>
                <polygon id="Shape" points="12.0878167 38.3422468 14.0896208 41.036983 14.8595454 41.036983 14.8595454 37.0333749 14.0896208 37.0333749 14.0896208 39.6511186 12.0878167 37.0333749 11.3178921 37.0333749 11.3178921 41.036983 12.0878167 41.036983"></polygon>
                <path d="M3.92661563,46.0414931 C2.84872114,45.8875082 2.15578897,45.6565308 2.15578897,45.194576 C2.15578897,44.5786363 2.92571361,44.4246514 4.00360809,44.4246514 C5.00451012,44.4246514 5.92841968,44.8096137 6.313382,44.9635986 L6.85232924,43.6547267 C6.46736692,43.5007418 5.31247997,43.038787 3.92661563,43.038787 C2.3097739,43.038787 0.615939707,43.8087117 0.615939707,45.2715685 C0.615939707,46.4264554 1.4628568,47.0423951 3.61864578,47.4273574 C5.15849505,47.6583348 6.00541214,47.8123197 5.92841968,48.5052519 C5.92841968,48.8902142 5.62044983,49.4291615 3.92661563,49.4291615 C2.54075129,49.4291615 1.61684173,48.9672067 1.23187941,48.7362293 L0.538947244,50.0451012 C0.92390956,50.2760786 2.15578897,50.8150258 3.84962317,50.8150258 C6.23638953,50.8150258 7.46826895,49.9681087 7.46826895,48.4282595 C7.46826895,47.5043499 7.16029909,46.5034479 3.92661563,46.0414931 Z" id="Shape"></path>
                <polygon id="Shape" points="1.61684173 38.3422468 3.61864578 41.036983 4.38857041 41.036983 4.38857041 37.0333749 3.61864578 37.0333749 3.61864578 39.6511186 1.61684173 37.0333749 0.846917097 37.0333749 0.846917097 41.036983 1.61684173 41.036983"></polygon>
                <polygon id="Shape" points="33.9536763 41.036983 33.9536763 37.0333749 33.1067592 37.0333749 33.1067592 39.6511186 31.1819477 37.0333749 30.3350306 37.0333749 30.3350306 41.036983 31.1819477 41.036983 31.1819477 38.3422468 33.1067592 41.036983"></polygon>
                <polygon id="Shape" points="48.1202896 49.7371313 48.5771519 49.7371313 48.5771519 50.5840484 48.7598969 50.5840484 48.7598969 49.7371313 49.1253868 49.7371313 49.1253868 49.5061539 48.1202896 49.5061539"></polygon>
                <polygon id="Shape" points="50.0451012 49.5061539 49.7371313 50.2760786 49.5061539 49.5061539 49.1981841 49.5061539 49.1981841 50.5840484 49.4291615 50.5840484 49.4291615 49.8141238 49.6601389 50.5840484 49.6601389 50.5840484 49.8911163 50.5840484 49.8911163 50.5840484 50.1220936 49.8141238 50.1220936 50.5840484 50.2760786 50.5840484 50.2760786 49.5061539"></polygon>
                <polygon id="Shape" points="24.3296184 44.6556288 26.7163848 44.6556288 26.7163848 50.5840484 28.3332265 50.5840484 28.3332265 44.6556288 30.6430004 44.6556288 30.6430004 43.038787 24.3296184 43.038787"></polygon>
                <path d="M45.6565308,36.87939 C44.5016438,36.87939 43.5007418,37.8032995 43.5007418,39.0351789 C43.5007418,40.2670583 44.4246514,41.1909679 45.6565308,41.1909679 C46.8114177,41.1909679 47.8123197,40.2670583 47.8123197,39.0351789 C47.8123197,37.8032995 46.8114177,36.87939 45.6565308,36.87939 Z M45.6565308,40.2670583 C44.9635986,40.2670583 44.4246514,39.7281111 44.4246514,39.0351789 C44.4246514,38.3422468 44.9635986,37.8032995 45.6565308,37.8032995 C46.3494629,37.8032995 46.8884102,38.3422468 46.8884102,39.0351789 C46.8884102,39.7281111 46.3494629,40.2670583 45.6565308,40.2670583 Z" id="Shape"></path>
                <polygon id="Shape" points="45.9645006 46.0414931 42.4228473 46.0414931 42.4228473 43.038787 40.882998 43.038787 40.882998 50.5840484 42.4228473 50.5840484 42.4228473 47.5813424 45.9645006 47.5813424 45.9645006 50.5840484 47.5043499 50.5840484 47.5043499 43.038787 45.9645006 43.038787"></polygon>
                <path d="M35.8784879,44.5016438 C36.725405,44.5016438 37.4953297,44.9635986 37.9572844,45.6565308 L39.1891639,44.5786363 C38.4192392,43.5007418 37.1873598,42.8078096 35.8784879,42.8078096 C33.6457065,42.8078096 31.8748798,44.5786363 31.8748798,46.8114177 C31.8748798,49.0441992 33.6457065,50.8150258 35.8784879,50.8150258 C37.1873598,50.8150258 38.4192392,50.1220936 39.1891639,49.0441992 L37.9572844,47.9663047 C37.5723221,48.6592368 36.725405,49.1211916 35.8784879,49.1211916 C34.5696161,49.1211916 33.4917216,48.0432971 33.4917216,46.8114177 C33.4917216,45.5025458 34.5696161,44.5016438 35.8784879,44.5016438 Z" id="Shape"></path>
                <path d="M38.9581865,37.0333749 L37.3413447,37.0333749 L37.3413447,41.036983 L38.9581865,41.036983 C40.1130734,41.036983 41.036983,40.1130734 41.036983,39.0351789 C40.9599905,37.9572844 40.0360809,37.0333749 38.9581865,37.0333749 Z M38.9581865,40.1900659 L38.1112694,40.1900659 L38.1112694,37.880292 L38.9581865,37.880292 C39.5741262,37.880292 40.1130734,38.4192392 40.1130734,39.0351789 C40.1130734,39.6511186 39.6511186,40.1900659 38.9581865,40.1900659 Z" id="Shape"></path>
                <circle id="Oval" cx="16.2454098" cy="10.1630052" r="3.00270607"></circle>
                <path d="M23.4827013,0.538947244 L16.4763872,0.538947244 C11.9338318,0.538947244 8.23819358,4.23458548 8.23819358,8.77714082 L8.23819358,24.4066109 C8.23819358,28.9491662 11.9338318,32.6448045 16.4763872,32.6448045 L23.4827013,32.6448045 C23.6366863,32.6448045 23.7136787,32.567812 23.7136787,32.4138271 L23.7136787,0.769924634 C23.7136787,0.615939707 23.6366863,0.538947244 23.4827013,0.538947244 Z M21.1729274,30.0270607 L16.4763872,30.0270607 C14.9365379,30.0270607 13.5506736,29.411121 12.4727791,28.410219 C11.3948846,27.3323245 10.8559373,25.9464602 10.8559373,24.4066109 L10.8559373,8.77714082 C10.8559373,7.23729156 11.471877,5.85142722 12.4727791,4.77353273 C13.5506736,3.69563824 15.0135304,3.07969853 16.4763872,3.07969853 L21.1729274,3.07969853 L21.1729274,30.0270607 Z" id="Shape"></path>
                <path d="M32.1058572,0.538947244 L27.1013471,0.538947244 C26.9473622,0.538947244 26.8703697,0.615939707 26.8703697,0.769924634 L26.8703697,32.4138271 C26.8703697,32.567812 26.9473622,32.6448045 27.1013471,32.6448045 L32.0288648,32.6448045 C36.5714201,32.6448045 40.2670583,28.9491662 40.2670583,24.4066109 L40.2670583,8.77714082 C40.3440508,4.23458548 36.725405,0.538947244 32.1058572,0.538947244 Z M33.3377366,21.4039048 C31.56691,21.4039048 30.1040532,19.941048 30.1040532,18.1702214 C30.1040532,16.3993947 31.56691,14.9365379 33.3377366,14.9365379 C35.1085633,14.9365379 36.5714201,16.3993947 36.5714201,18.1702214 C36.5714201,19.941048 35.1085633,21.4039048 33.3377366,21.4039048 Z" id="Shape"></path>
            </g>
        </g>
    </g>
</svg>