<?xml version="1.0" encoding="UTF-8"?>
<svg width="72px" height="72px" viewBox="0 0 72 72" version="1.1" xmlns="http://www.w3.org/2000/svg" xmlns:xlink="http://www.w3.org/1999/xlink">
    <!-- Generator: Sketch 46.1 (44463) - http://www.bohemiancoding.com/sketch -->
    <title>Fire TV logo</title>
    <desc>Created with Sketch.</desc>
    <defs>
        <polygon id="path-1" points="9.3882122 11.7173913 0.0187329575 11.7173913 0.0187329575 0.0172334709 9.3882122 0.0172334709 9.3882122 11.7173913"></polygon>
        <path d="M7.05530761,4.7797769 C6.78181304,4.78017636 6.50831848,4.79628777 6.23482391,4.79628777 L4.70330761,4.79628777 C3.94367446,4.79628777 3.18390815,4.78084212 2.424275,4.78004321 C2.19325598,4.77991005 2.17474783,4.76166821 2.19112554,4.53837201 C2.26103043,3.5915269 2.57220707,2.74734212 3.35181304,2.15401603 C4.28987011,1.44018723 6.05387011,1.4199481 6.82295707,3.08501603 C7.04984837,3.5762144 7.16316087,4.10256495 7.19751413,4.6416981 C7.2051038,4.76233397 7.14225598,4.77964375 7.05530761,4.7797769 M7.4286663,0.862306793 C6.49167446,0.163790489 5.42565815,-0.0697584239 4.27562283,0.0451519022 C2.81827228,0.19082038 1.71803587,0.91476875 0.952677174,2.14802418 C0.400228804,3.03841277 0.137253261,4.02373886 0.0520358696,5.06405679 C-0.0414369565,6.20583668 0.0523021739,7.32391549 0.455353804,8.40231495 C1.0035413,9.86845353 1.97874783,10.9135649 3.48709565,11.4163476 C4.58786467,11.7831818 5.70873967,11.7873095 6.83680489,11.5761302 C7.58312283,11.4364535 8.28936196,11.1814671 8.95112826,10.804247 C9.08894076,10.7256872 9.12249511,10.6539182 9.04792989,10.5034562 C8.87003859,10.1440785 8.70745978,9.77684484 8.54674511,9.40934484 C8.48882391,9.27725788 8.42917174,9.23518179 8.28736467,9.31054592 C7.62000598,9.66499701 6.91097065,9.89295353 6.15639728,9.96006223 C5.4439,10.0234427 4.74298696,9.96658668 4.08974239,9.65008397 C2.84450326,9.04690462 2.3173538,7.97782582 2.19365543,6.66108397 C2.16689185,6.37640462 2.18087283,6.3845269 2.45995978,6.38439375 C3.56672065,6.3842606 4.67334837,6.39411386 5.78010924,6.39411386 L7.29418261,6.39411386 C7.92053043,6.39411386 8.54687826,6.3842606 9.17309293,6.38412745 C9.27908207,6.38399429 9.38107663,6.38639103 9.38453859,6.22767364 C9.41143533,5.01985027 9.29732391,3.83253234 8.81944076,2.70659755 C8.50986196,1.97705679 8.06806304,1.33885842 7.4286663,0.862306793" id="path-3"></path>
        <polygon id="path-4" points="3.86862706e-16 16.8095189 3.86862706e-16 0.0843591855 6.86478723 0.0843591855 6.86478723 16.8095189 0 16.8095189"></polygon>
    </defs>
    <g id="Symbols" stroke="none" stroke-width="1" fill="none" fill-rule="evenodd">
        <g id="Fire-TV-logo">
            <g id="fire-tv-vector" transform="translate(12.000000, 27.000000)">
                <g id="Group-3" transform="translate(29.426630, 5.641258)" fill="#FFFFFF">
                    <path d="M19.3411655,0.0378285326 C18.7511682,0.0370296196 18.1611709,0.0426220109 17.5713068,0.0342334239 C17.4097932,0.031969837 17.3340296,0.091755163 17.2803693,0.240486141 C17.1153938,0.697997011 16.9347063,1.14978234 16.7628068,1.60476332 C15.9421899,3.77740734 15.0612552,5.92714918 14.2986927,8.12163016 C14.2835133,8.16517092 14.2797851,8.21763288 14.2180024,8.2462606 C14.1988285,8.20192092 14.1776573,8.15997799 14.1623448,8.11603777 C13.2406655,5.46804049 12.1759807,2.87436929 11.1865269,0.252203533 C11.1248774,0.0885595109 11.0415242,0.0333013587 10.8677606,0.0338339674 C9.18298614,0.0399589674 7.49821168,0.0375622283 5.81343723,0.0375622283 C3.98272799,0.0375622283 2.15201875,0.0374290761 0.321309511,0.0376953804 C0.0723149457,0.0378285326 0.0692524457,0.041157337 0.0688529891,0.294812228 C0.0681872283,0.690141033 0.0680540761,1.08546984 0.0688529891,1.48079864 C0.0693855978,1.72167092 0.0757769022,1.72859484 0.313187228,1.72872799 C1.19505408,1.72939375 2.07692092,1.72819538 2.95892092,1.72939375 C3.35025516,1.72992636 3.31616821,1.69171168 3.31630136,2.07785299 C3.31683397,5.0094644 3.31656766,7.94107582 3.31656766,10.8726872 C3.31656766,10.9395296 3.31816549,11.006372 3.31776603,11.0733476 C3.31736658,11.1721465 3.36756495,11.216353 3.46463288,11.216353 C4.06062201,11.2156872 4.65661114,11.2155541 5.25273342,11.2155541 C5.35179864,11.2155541 5.39600516,11.1626927 5.3984019,11.0684209 C5.40026603,11.0015785 5.40093179,10.9347361 5.40106495,10.8677606 C5.40106495,7.91191549 5.40106495,4.95593723 5.4011981,2.00009212 C5.4011981,1.72966005 5.40186386,1.7292606 5.67469266,1.72912745 C6.50795897,1.72886114 7.34122527,1.7261981 8.17435842,1.73139103 C8.31989375,1.7323231 8.39738832,1.68412201 8.43560299,1.54164918 C8.49059484,1.33632853 8.56089918,1.1351356 8.62574429,0.932477989 C8.70789918,0.676160054 8.79098614,0.420108424 8.88832038,0.118918207 C8.9325269,0.21838288 8.95556223,0.266450815 8.97553505,0.31571712 C9.61866005,1.89863016 10.2615188,3.48154321 10.9045106,5.0645894 C11.7122117,7.05308397 12.5212443,9.04104592 13.3249508,11.0312715 C13.3794101,11.1658883 13.4522443,11.2172851 13.595516,11.2147552 C14.0089535,11.2076981 14.4226573,11.2066329 14.8360948,11.2151546 C14.9949454,11.2183503 15.0719073,11.1580323 15.1311601,11.0110323 C15.8216872,9.29656495 16.518872,7.58462745 17.214459,5.87215734 C17.9740921,4.0019019 18.7341247,2.13177962 19.4933584,0.261391033 C19.5791084,0.0499453804 19.5705867,0.038094837 19.3411655,0.0378285326" id="Fill-1"></path>
                </g>
                <g id="Group-6" transform="translate(18.375000, 5.374954)">
                    <mask id="mask-2" fill="white">
                        <use xlink:href="#path-1"></use>
                    </mask>
                    <g id="Clip-5"></g>
                    <g id="Fill-4" mask="url(#mask-2)" fill="#FFFFFF">
                        <use xlink:href="#path-3"></use>
                        <use xlink:href="#path-3"></use>
                    </g>
                </g>
                <g id="Group-9" transform="translate(0.000000, 0.048867)">
                    <mask id="mask-5" fill="white">
                        <use xlink:href="#path-4"></use>
                    </mask>
                    <g id="Clip-8"></g>
                    <path d="M6.69197527,0.40516875 C5.9312769,0.11915788 5.14940734,0.0152991848 4.3449019,0.130475815 C3.38088016,0.268288315 2.59381766,0.702497554 2.07692092,1.5534731 C1.72113832,2.13894321 1.5641519,2.78806005 1.54231495,3.46513886 C1.52167636,4.10307092 1.5363231,4.74220136 1.53525788,5.38093234 C1.53485842,5.6268644 1.53459212,5.62713071 1.28120353,5.62739701 C0.922358424,5.62766332 0.563380163,5.63232364 0.204668207,5.62526658 C0.0591328804,5.62233723 -0.00264972826,5.66547853 0.000146467392,5.82073397 C0.00773614131,6.25853832 0.00773614131,6.69660897 1.33152185e-05,7.13441332 C-0.00264972826,7.29020136 0.0599317935,7.33227745 0.205067663,7.32948125 C0.56377962,7.32242418 0.92275788,7.32708451 1.28160299,7.32735082 C1.53459212,7.32761712 1.53978505,7.32788342 1.53978505,7.57421495 C1.53991821,9.07044592 1.54444538,10.5666769 1.54444538,12.0629079 L1.54444538,16.4786334 C1.54444538,16.533359 1.54324701,16.5883508 1.53978505,16.6428101 C1.53232853,16.7579867 1.57999701,16.809916 1.69677147,16.8095166 C2.29289375,16.8076524 2.88768451,16.8080519 3.48380679,16.808984 C3.59166005,16.8091171 3.65876875,16.7579867 3.65477418,16.6519976 C3.6525106,16.5912802 3.67488016,16.5304296 3.67488016,16.4695791 L3.67488016,7.61988614 C3.67488016,7.32748397 3.65477418,7.32735082 3.95476603,7.32735082 C4.56300516,7.32721766 5.16112473,7.3234894 5.76923071,7.33001386 C5.90943995,7.33161168 5.9710894,7.28048125 6.01143451,7.14959266 C6.14218995,6.72550299 6.27946984,6.30420951 6.41621712,5.88198397 C6.4978394,5.63006005 6.49570897,5.62779647 6.23579592,5.62753016 C5.43302147,5.62713071 4.6294481,5.6268644 3.82667364,5.62792962 C3.72281495,5.62806277 3.63014103,5.6299269 3.63386929,5.48186168 C3.6525106,4.75285353 3.59632038,4.02264701 3.67048614,3.29443777 C3.74704864,2.54359266 4.21481223,2.01977201 4.8683231,1.96145136 C5.34034755,1.91937527 5.80464918,1.95945408 6.2495106,2.13215245 C6.40463288,2.19233723 6.47799973,2.16464158 6.51767908,1.99327473 C6.61780951,1.56106277 6.72672799,1.13058179 6.84723071,0.703695924 C6.89436658,0.536989402 6.84789647,0.463755707 6.69197527,0.40516875" id="Fill-7" fill="#FFFFFF" mask="url(#mask-5)"></path>
                </g>
                <path d="M18.6782408,5.63586549 C18.6211185,5.61536005 18.5671918,5.58593342 18.5099364,5.56609375 C17.6938467,5.28301223 16.8949337,5.34426223 16.114662,5.69711549 C15.4953712,5.97726766 14.9893929,6.41280842 14.5139065,6.88789538 C14.4818168,6.9198519 14.4567842,6.97910462 14.3977978,6.95433832 C14.351594,6.93503125 14.3641103,6.88030571 14.3569201,6.84036005 C14.2988658,6.51746603 14.235219,6.19550408 14.189681,5.87087908 C14.167844,5.71549049 14.0983386,5.67115082 13.9494745,5.67368071 C13.5118033,5.68127038 13.0738658,5.67594429 12.6360614,5.6764769 C12.3773467,5.67674321 12.3765478,5.67727582 12.3764147,5.94144973 C12.3761484,7.71703397 12.3762815,9.49248505 12.3762815,11.2680693 C12.3762815,13.0496454 12.3761484,14.8312215 12.3765478,16.6129307 C12.3765478,16.8522052 12.3824065,16.8579307 12.6220804,16.8583302 C13.1146103,16.8591291 13.6071402,16.8591291 14.0996701,16.8584633 C14.5254908,16.8579307 14.4743603,16.8840285 14.4746266,16.4885666 C14.475825,13.9833084 14.4751592,11.4780503 14.4751592,8.97292527 C14.4751592,8.86387364 14.4693005,8.75974864 14.5609092,8.66987092 C14.9482489,8.28918886 15.3574255,7.93593614 15.8283848,7.66244158 C16.5129201,7.26484918 17.2231538,7.18881929 17.9541592,7.53008832 C18.072931,7.58547962 18.1271239,7.55978125 18.1727951,7.44247418 C18.3737217,6.92704212 18.5758467,6.41200951 18.7875587,5.90110462 C18.8460125,5.75983016 18.814056,5.68446603 18.6782408,5.63586549" id="Fill-10" fill="#FFFFFF"></path>
                <path d="M10.2426511,5.67650353 C9.7136375,5.67583777 9.18462391,5.67623723 8.65561033,5.67637038 C8.36254239,5.67650353 8.36214293,5.67663668 8.36200978,5.96238125 C8.36187663,7.73184049 8.36200978,9.50129973 8.36200978,11.270759 C8.36200978,13.0463432 8.36187663,14.8219274 8.36214293,16.5973785 C8.36214293,16.8574247 8.363075,16.8582236 8.62884674,16.8584899 C9.14574348,16.8588894 9.66250707,16.8587562 10.1794038,16.8584899 C10.4856538,16.8583568 10.4863196,16.8580905 10.4864527,16.5584981 C10.486719,15.2936856 10.4865859,14.0288731 10.4865859,12.7640606 C10.4864527,10.4838296 10.486719,8.20359864 10.4861864,5.92336766 C10.4861864,5.68116386 10.4807272,5.67676984 10.2426511,5.67650353" id="Fill-12" fill="#FFFFFF"></path>
                <path d="M9.41741386,0.719847283 C8.66084321,0.711059239 8.07151168,1.28268152 8.06765027,2.02913261 C8.06352255,2.84002935 8.61037853,3.42070598 9.38519103,3.42829565 C10.1548106,3.43575217 10.7798269,2.82618152 10.7831557,2.06495054 C10.7864845,1.31064348 10.1958215,0.72890163 9.41741386,0.719847283" id="Fill-14" fill="#FFFFFF"></path>
            </g>
        </g>
    </g>
</svg>